0 4
0 9
0 20
0 27
0 33
0 36
0 78
0 145
1 10
1 16
1 63
1 72
1 79
1 88
2 38
2 43
2 89
2 138
2 156
2 158
3 8
3 10
3 16
3 19
3 37
3 79
3 159
3 197
4 19
4 33
4 36
4 37
5 7
5 18
5 24
5 65
5 75
5 169
5 177
6 21
6 27
6 59
6 60
6 70
6 80
6 85
7 41
7 62
7 65
7 166
8 16
8 38
8 43
8 63
8 66
8 72
8 76
8 89
8 138
8 156
8 158
8 159
8 178
8 197
9 11
9 15
9 26
9 31
9 36
10 14
10 16
10 34
10 62
10 63
10 66
10 72
10 79
10 88
10 89
11 13
11 23
11 26
11 31
11 35
11 36
11 37
11 84
11 154
11 174
12 137
12 142
12 149
12 151
12 153
13 23
13 35
13 37
13 67
13 84
13 154
13 174
14 49
14 62
14 77
14 89
15 25
15 46
15 57
15 179
16 39
16 72
16 88
16 138
16 159
16 163
17 30
17 49
17 61
17 72
17 140
17 149
17 165
17 169
18 20
18 24
18 30
18 41
18 44
18 47
18 53
18 54
18 55
18 58
18 65
18 67
18 71
18 75
18 77
18 82
18 164
18 166
18 168
18 170
18 173
18 176
19 67
19 77
19 88
19 168
20 33
20 47
20 60
20 162
20 170
20 176
21 29
21 44
21 50
21 60
22 45
22 51
22 52
22 70
22 171
23 25
23 31
23 84
23 174
23 179
24 30
24 53
24 56
24 75
24 82
24 160
24 164
24 165
25 32
25 46
25 84
25 179
26 28
26 48
26 84
26 162
27 29
27 51
27 59
27 60
27 69
27 78
27 80
27 85
28 56
28 59
28 80
28 144
28 146
29 48
29 78
29 80
29 82
29 166
29 172
30 49
30 53
30 74
30 75
30 79
31 36
31 55
31 74
31 174
32 52
32 59
32 171
32 179
33 42
33 44
33 69
33 78
33 87
33 145
33 172
34 43
34 66
34 89
34 158
35 76
35 131
35 150
35 154
37 67
37 197
38 43
38 66
38 76
38 138
38 150
38 156
38 159
38 178
38 197
39 72
39 83
39 141
39 149
39 169
40 136
40 143
40 147
40 151
40 175
41 48
41 65
41 67
41 75
41 174
42 50
42 58
42 87
42 162
42 168
42 173
42 176
43 61
43 72
43 73
43 83
43 89
43 138
43 156
44 55
44 82
44 170
45 46
45 51
45 52
45 57
45 68
45 172
46 52
46 57
46 68
47 58
47 78
47 81
47 166
47 170
48 56
48 82
48 162
48 166
49 62
49 75
49 86
49 165
50 56
50 64
50 71
50 173
51 52
51 68
51 80
51 171
51 172
52 57
52 171
53 58
53 75
53 145
54 55
54 67
54 74
54 75
54 167
55 58
55 67
55 74
55 75
55 174
56 71
56 82
57 68
57 172
58 74
58 78
58 145
58 162
58 168
58 173
59 70
59 80
60 85
61 73
61 156
61 161
62 75
62 77
62 86
63 89
63 158
63 163
64 71
64 85
64 164
64 173
65 81
65 166
65 169
66 77
66 83
66 86
66 88
66 89
66 158
66 163
66 177
66 178
67 75
67 79
68 172
69 71
69 80
69 82
69 172
70 80
70 171
71 82
71 85
71 164
71 166
71 176
72 83
72 138
72 161
73 83
73 89
73 161
73 169
74 75
74 145
74 167
74 174
75 77
75 86
75 165
75 167
75 177
76 89
76 138
76 150
76 156
76 178
77 86
77 168
78 87
78 162
78 173
80 171
81 160
81 165
81 166
81 169
82 87
82 164
82 166
83 89
83 161
84 154
85 173
87 172
87 173
89 158
90 91
90 206
90 214
90 226
90 245
90 252
90 413
91 200
91 201
91 207
91 209
91 214
91 226
91 250
91 252
91 413
92 184
92 202
92 228
92 305
92 369
92 390
93 120
93 123
93 126
93 230
93 231
93 411
94 206
94 207
94 212
94 241
94 244
94 413
95 98
95 198
95 261
95 263
95 287
95 291
96 196
96 223
96 298
96 311
96 382
96 389
96 392
96 414
97 208
97 253
97 277
97 285
97 332
98 187
98 198
98 261
98 263
98 282
98 291
98 404
99 107
99 220
99 266
99 268
99 307
99 310
99 364
100 115
100 199
100 272
100 292
100 418
100 419
101 125
101 275
101 278
101 279
101 293
101 320
101 378
102 180
102 181
102 297
102 323
102 324
102 336
103 231
103 237
103 249
103 366
103 397
103 407
103 411
104 216
104 370
104 389
104 394
104 403
105 184
105 308
105 310
105 322
105 379
105 390
106 271
106 373
106 387
106 388
106 412
107 112
107 268
107 270
107 307
107 310
107 312
107 322
107 379
107 384
108 208
108 258
108 283
108 284
108 290
108 297
108 317
108 323
108 324
108 326
108 377
109 207
109 209
109 227
109 232
109 246
109 371
110 199
110 292
110 301
110 305
110 415
111 278
111 309
111 320
111 370
111 378
112 266
112 388
112 391
112 396
112 398
112 405
112 408
113 306
113 325
113 330
113 336
113 337
113 338
114 180
114 253
114 288
114 289
114 321
114 331
114 336
115 205
115 217
115 280
115 301
115 384
115 399
115 418
115 419
116 218
116 296
116 302
116 308
116 313
116 318
117 120
117 123
117 135
117 227
117 230
117 246
117 248
117 371
117 407
117 411
118 119
118 124
118 186
118 192
118 194
118 242
119 124
119 186
119 192
119 242
120 123
120 134
120 215
120 227
120 231
120 235
120 249
120 251
120 366
120 397
120 401
121 122
121 193
121 281
121 299
121 340
121 355
122 129
122 188
122 190
122 191
122 193
122 345
122 360
123 132
123 213
123 227
123 248
124 186
124 192
124 242
124 328
125 133
125 221
125 269
125 275
125 279
125 293
125 374
125 393
125 406
126 132
126 192
126 194
126 230
126 248
127 183
127 222
127 260
127 300
127 375
127 391
127 400
128 182
128 271
128 292
128 294
128 315
128 335
128 373
128 376
128 396
128 415
129 188
129 190
129 191
129 193
129 361
129 362
129 368
130 185
130 380
130 400
130 412
130 416
131 133
131 221
131 383
131 402
132 213
132 230
132 248
133 221
133 279
133 402
134 201
134 210
134 227
134 231
134 239
134 240
134 247
134 249
134 251
134 366
134 397
135 227
135 230
135 246
135 248
135 407
136 143
136 146
136 147
136 148
136 151
136 152
136 175
137 139
137 142
137 151
137 152
137 175
138 159
138 178
139 151
139 152
139 155
139 157
139 175
140 141
140 142
140 144
140 149
140 153
140 160
141 142
141 149
141 153
142 144
142 146
142 147
142 149
142 153
143 146
143 147
143 148
143 151
143 152
143 175
144 149
144 153
144 160
145 168
146 147
148 151
148 157
148 175
149 153
149 169
150 154
150 159
151 152
151 155
151 175
152 155
152 157
152 175
154 169
155 157
155 175
157 175
158 163
159 197
160 165
160 166
160 169
161 165
161 169
162 173
163 178
164 166
165 167
165 177
167 177
170 176
171 179
177 178
180 262
180 284
180 289
180 297
180 323
180 334
181 297
181 304
181 329
181 330
181 332
181 334
181 336
181 339
182 205
182 228
182 301
182 373
182 395
182 398
182 409
183 222
183 236
183 302
183 365
183 372
183 375
183 383
183 385
184 202
184 270
184 305
184 310
184 322
184 381
184 390
185 195
185 260
185 365
185 372
185 380
185 400
185 412
185 416
186 192
186 242
187 267
187 282
187 291
187 404
188 190
188 191
188 193
188 346
188 354
188 361
188 368
189 254
189 257
189 259
189 264
189 265
189 277
190 193
190 354
190 361
190 368
191 193
191 360
192 194
193 281
193 346
193 355
193 360
193 362
194 230
194 234
194 248
195 372
195 375
195 383
195 400
195 416
196 223
196 224
196 298
196 311
196 389
198 261
198 263
198 267
198 291
198 404
199 228
199 292
199 294
199 387
199 399
199 415
199 418
199 419
200 210
200 247
200 252
200 413
201 203
201 207
201 209
201 241
202 305
202 381
202 390
203 207
203 212
203 241
203 401
204 217
204 220
204 308
204 381
204 399
204 418
205 217
205 218
205 276
205 369
205 381
205 399
205 409
206 207
206 232
206 237
206 244
206 245
206 413
207 209
207 212
207 237
207 241
207 244
207 245
207 249
207 250
207 371
207 413
208 258
208 262
208 285
208 297
208 306
208 326
208 377
209 232
209 241
209 247
209 250
210 241
210 247
210 251
211 233
211 236
211 243
211 365
211 369
211 410
212 235
212 237
212 241
212 366
213 227
213 240
213 247
213 251
213 371
214 226
214 252
214 413
215 235
215 239
215 247
215 251
216 224
216 311
216 313
216 389
216 394
216 403
217 218
217 369
217 399
217 418
218 318
218 369
219 225
219 233
219 238
219 273
219 279
219 370
219 378
219 406
219 410
220 308
220 310
220 364
220 418
221 383
221 385
221 402
222 260
222 273
222 316
222 386
222 417
223 224
223 298
223 311
223 389
223 414
224 298
224 389
224 392
224 394
225 273
225 278
225 279
225 286
225 293
225 378
225 391
226 244
226 252
226 413
227 239
227 240
227 246
227 247
227 248
227 249
227 251
227 371
227 397
227 401
228 292
228 369
228 399
228 419
229 230
229 234
229 240
229 246
229 367
229 371
229 401
230 248
231 237
231 249
231 401
231 411
232 241
232 244
232 245
232 250
233 243
233 370
233 378
233 403
234 240
234 242
234 243
234 328
234 367
235 239
235 241
235 247
235 251
236 365
236 385
236 410
236 416
237 407
238 269
238 370
238 374
238 382
238 406
239 240
239 247
239 249
240 247
240 306
240 367
242 328
242 367
243 367
243 410
244 413
245 413
246 248
246 328
246 407
249 251
249 411
250 413
252 413
253 285
253 288
253 289
253 290
253 324
254 257
254 259
254 264
254 265
254 277
255 266
255 275
255 279
255 286
255 309
255 405
256 280
256 300
256 303
256 314
256 319
257 259
257 264
257 265
258 285
258 319
258 324
258 326
258 377
259 264
259 265
259 277
260 316
260 386
260 391
260 417
261 263
261 274
261 291
262 285
262 289
262 295
262 297
262 306
262 323
262 334
263 274
263 287
263 291
264 265
264 277
266 278
266 364
266 384
266 391
266 405
267 282
267 287
267 291
267 404
268 276
268 307
268 312
268 386
268 391
268 409
269 273
269 275
269 279
269 374
269 382
269 393
270 294
270 310
270 322
271 373
271 387
271 412
272 280
272 305
272 314
272 322
272 399
273 391
274 282
274 285
274 377
275 279
275 382
276 307
276 316
276 409
278 279
278 391
278 417
279 293
279 393
279 417
280 300
280 312
280 314
280 315
280 335
281 299
281 340
281 355
281 360
282 287
282 291
282 404
283 284
283 290
283 317
283 323
283 324
284 288
284 289
284 321
284 323
285 324
285 377
286 322
286 379
286 408
287 291
288 289
288 304
288 317
288 321
288 323
289 323
289 332
289 334
290 317
290 324
292 294
292 305
292 315
292 335
292 376
292 384
292 399
292 415
293 393
294 376
294 384
295 304
295 317
295 319
295 323
295 331
296 302
296 303
296 313
296 318
297 323
297 324
297 326
298 389
298 392
298 394
298 414
299 340
299 355
299 360
300 303
300 314
300 315
300 316
301 305
301 399
302 303
302 313
302 318
303 315
303 316
303 318
303 347
304 321
304 331
305 381
305 390
305 399
306 328
307 312
307 384
308 310
308 364
309 320
309 370
309 403
309 405
310 322
310 364
310 379
311 389
312 386
313 318
313 389
314 315
314 335
315 335
315 376
316 373
316 376
316 386
317 323
319 326
319 377
320 370
320 403
320 405
321 323
321 331
322 376
322 379
323 331
324 326
325 329
325 330
325 336
325 337
325 338
326 377
327 333
327 343
327 344
327 350
327 351
327 352
327 363
328 367
329 330
329 331
329 336
329 337
329 338
329 339
330 337
330 338
332 334
332 336
332 339
332 358
333 342
333 343
333 344
333 348
333 351
333 352
334 336
334 358
335 387
336 337
336 338
336 339
336 358
337 338
337 339
338 339
338 358
339 358
340 355
340 360
341 343
341 344
341 347
341 348
341 349
341 357
342 343
342 350
342 351
342 352
342 356
343 344
343 348
343 351
343 357
344 347
344 348
344 349
344 351
344 353
344 357
345 346
345 354
345 359
345 360
345 362
346 354
346 359
346 360
347 349
347 353
347 375
348 357
349 350
349 351
349 353
349 356
349 357
349 363
350 351
350 352
350 353
350 356
350 363
351 352
351 353
351 356
351 363
354 359
354 361
354 362
355 360
356 357
356 363
359 360
359 362
360 362
360 368
361 362
362 368
365 383
365 410
365 416
366 397
370 378
370 382
370 389
370 403
372 375
372 400
372 412
372 416
373 376
373 386
373 387
373 388
373 395
373 396
373 398
374 382
374 393
374 406
375 383
375 400
375 402
380 400
380 408
380 412
380 416
381 390
381 418
382 393
382 414
383 402
385 402
385 410
387 388
387 415
388 395
388 396
388 398
389 392
389 394
389 403
391 417
392 394
392 414
393 406
395 398
395 409
395 418
396 398
396 408
397 401
398 409
399 418
399 419
400 408
400 412
400 416
406 410
408 416
418 419
